1000,12000,2000,16000,11000,8000,1000,45000,36000,11000,109000,4000,14844000,14940000,
1000,8000,1000,16000,12000,9000,1000,46000,3000,10000,112000,4000,15750000,15844000,
1000,11000,1000,27000,17000,8000,1000,50000,3000,23000,114000,4000,14054000,14170000,
1000,6000,1000,1000,14000,9000,7000,1000,38000,3000,9000,97000,4000,14409000,14487000,
2000,7000,2000,15000,10000,9000,1000,43000,3000,9000,105000,5000,18713000,18802000,
1000,8000,1000,14000,11000,7000,1000,43000,3000,9000,104000,4000,29250000,29336000,
1000,7000,1000,15000,11000,7000,42000,3000,10000,104000,4000,13231000,13315000,
9000,1000,18000,13000,9000,49000,3000,11000,108000,4000,12368000,12467000,
8000,1000,1000,14000,11000,7000,1000,42000,3000,10000,103000,4000,13563000,13648000,
2000,7000,1000,14000,10000,8000,1000,41000,3000,8000,102000,4000,12423000,12507000,
1000,7000,1000,14000,10000,7000,1000,42000,3000,9000,102000,4000,12113000,12196000,
1000,8000,1000,15000,11000,7000,1000,43000,3000,9000,104000,4000,12731000,12818000,
1000,7000,1000,15000,11000,7000,1000,42000,3000,9000,104000,4000,12869000,12954000,
2000,27000,5000,126000,73000,14000,1000,53000,5000,11000,331000,10000,12603000,12904000,
1000,7000,1000,16000,11000,7000,43000,4000,8000,101000,4000,12542000,12628000,
1000,7000,1000,15000,10000,7000,1000,42000,3000,9000,104000,5000,11754000,11838000,
1000,8000,1000,14000,12000,7000,1000,43000,3000,9000,106000,4000,17897000,17984000,
1000,7000,1000,14000,10000,8000,1000,41000,4000,10000,106000,4000,12902000,12985000,
1000,9000,1000,14000,11000,8000,47000,3000,9000,99000,5000,11983000,12074000,
1000,6000,1000,15000,11000,7000,1000,41000,2000,9000,101000,5000,11898000,11981000,
1000,7000,1000,15000,11000,7000,42000,3000,10000,105000,4000,11756000,11840000,
1000,6000,1000,15000,11000,7000,1000,41000,3000,9000,101000,4000,16781000,16864000,
1000,7000,1000,14000,11000,7000,1000,43000,3000,10000,104000,4000,12972000,13057000,
1000,7000,1000,15000,10000,7000,1000,42000,3000,9000,103000,4000,12203000,12287000,
1000,8000,1000,16000,12000,7000,1000,45000,3000,10000,108000,5000,10999000,11090000,
1000,7000,1000,15000,9000,7000,1000,43000,3000,9000,102000,4000,11553000,11637000,
1000,7000,1000,14000,10000,7000,1000,42000,3000,9000,100000,4000,12610000,12693000,
1000,7000,2000,15000,11000,8000,1000,44000,3000,43000,122000,6000,12918000,13007000,
1000,8000,1000,16000,11000,8000,44000,3000,10000,104000,4000,12438000,12527000,
1000,7000,1000,13000,10000,7000,1000,40000,3000,8000,97000,3000,11340000,11420000,
1000,7000,1000,15000,11000,7000,1000,44000,3000,10000,107000,5000,12616000,12703000,
1000,6000,1000,1000,14000,11000,8000,1000,43000,3000,9000,110000,7000,12415000,12501000,
2000,6000,1000,14000,11000,7000,1000,40000,2000,9000,98000,4000,12125000,12207000,
1000,8000,1000,14000,10000,7000,40000,2000,9000,98000,4000,11075000,11156000,
1000,6000,2000,15000,11000,7000,1000,45000,3000,9000,103000,5000,10276000,10364000,
1000,7000,1000,1000,14000,10000,8000,1000,42000,3000,9000,103000,5000,10478000,10563000,
1000,6000,1000,14000,10000,7000,40000,2000,9000,95000,4000,14550000,14629000,
1000,7000,1000,16000,12000,7000,1000,43000,3000,10000,103000,5000,11207000,11295000,
1000,8000,1000,17000,13000,7000,1000,43000,3000,10000,101000,4000,11001000,11092000,
1000,6000,2000,15000,10000,8000,1000,43000,3000,9000,105000,4000,11086000,11172000,
1000,8000,1000,18000,12000,7000,1000,46000,3000,10000,106000,4000,10125000,10219000,
1000,9000,1000,17000,11000,8000,1000,48000,3000,9000,106000,4000,13770000,13866000,
1000,7000,1000,1000,14000,12000,8000,1000,45000,4000,9000,105000,4000,10956000,11046000,
7000,1000,1000,14000,11000,7000,1000,44000,3000,10000,102000,5000,10853000,10939000,
1000,8000,1000,16000,11000,8000,1000,47000,2000,10000,105000,4000,10349000,10442000,
1000,8000,1000,17000,12000,8000,1000,43000,3000,9000,103000,4000,10509000,10600000,
1000,7000,1000,16000,11000,7000,1000,43000,3000,9000,105000,5000,12587000,12674000,
1000,7000,2000,15000,11000,8000,1000,43000,2000,11000,108000,5000,10503000,10591000,
1000,8000,1000,14000,10000,8000,43000,2000,10000,104000,4000,10295000,10380000,
1000,11000,3000,33000,18000,7000,2000,49000,3000,12000,111000,5000,13119000,13243000,
